3
45
23
38
41
160
84
109
291
84
271
184
189
65
17
159
198
273
293
110
161
155
145
38
137
210
158
171
70
41
171
192
80
233
124
248
76
171
138
172
33
114
211
60
94
138
199
174
134
49
21
40
181
133
162
10
114
17
21
111
236
247
68
47
169
69
77
80
126
137
64
113
42
48
123
175
28
124
40
121
13
152
169
23
31
16
43
112
135
41
49
93
162
215
262
318
93
290
34
142
3
17
20
109
107
132
94
144
78
24
91
136
162
51
314
90
82
3
144
316
139
194
229
4
52
87
68
164
134
154
266
183
220
78
21
263
35
12
341
255
32
81
38
170
176
124
110
126
40
131
109
152
8
238
93
261
132
171
205
217
19
112
150
164
72
7
146
66
44
43
143
58
99
0
96
268
14
151
244
264
135
21
15
120
235
173
90
63
15
172
21
90
267
146
170
76
135
126
223
287
337
92
6
240
149
16
13
85
128
334
93
268
28
33
8
168
81
76
196
12
96
20
112
5
250
0
31
100
33
1
253
27
143
8
143
170
11
13
177
77
36
12
35
132
142
86
94
146
66
169
3
288
91
24
14
244
31
183
207
92
212
258
106
1
118
207
275
8
75
187
169
144
42
74
14
45
162
6
113
199
179
218
284
76
190
109
14
4
177
142
66
33
84
29
207
162
221
97
34
192
77
41
21
178
223
169
267
291
77
111
161
241
177
48
86
