823
8749 1430 12000 3873 5618 5871 28440 17135 10598 11066 13443 8457 25673 23110 27270 3791 24516 15524 23353 12940 23375 15617 2923 28513 6354 5043 6118 23935 17418 8337 30707 4761 26927 5896 18721 20122 16084 12395 2115 24723 18190 22667 23480 22519 3032 2184 21231 22026 31414 17382 16169 5015 9113 27619 2433 28385 24323 23816 10794 5597 8043 2815 9465 8350 29155 3748 12067 12305 29176 23134 25159 25834 13530 2224 8367 17118 28605 30987 3795 21523 23934 12007 17950 8405 10122 10002 9461 20362 22012 5959 24566 232 2821 19458 14461 15461 3473 6291 31853 239 26407 3441 13101 19934 6417 26834 7152 14375 11454 30072 24890 24530 9060 19406 9632 22958 2281 10547 19919 24899 11780 20886 11215 26376 19872 12099 28553 20182 8577 9468 135 29341 10793 17996 9468 15702 11773 27160 6660 29240 13220 19319 300 29743 31664 11460 18229 8586 15744 12529 26645 6131 11108 24349 13375 29861 515 1129 31524 25817 9978 26632 16122 6785 6854 1430 21948 31033 16868 16811 7026 3963 18742 19631 6578 12306 10665 10224 18535 16337 3861 241 19409 2948 9829 22278 21453 14887 5879 7965 87 12118 11078 23007 28493 29189 27846 20472 22389 27505 14095 26802 21698 4694 1598 20169 18899 22115 1176 22395 31421 24555 7025 24542 17674 30685 2893 5238 6402 11254 20292 22279 6185 821 20395 13992 32008 22160 10224 11801 12336 8677 966 7254 11901 24883 22402 11116 9368 19978 30661 6540 25535 4416 21596 6238 5065 15590 23140 13975 18020 8826 16818 1998 20386 22878 18802 32396 1972 2441 10253 11426 23029 20093 12881 23999 17706 18041 32204 16449 12551 8687 632 4172 15606 18232 32670 31001 27669 24199 10228 8337 21117 23068 22792 4379 10186 20154 25058 30130 25304 12378 7397 23610 17098 18209 24823 29204 26961 28816 3554 28400 27179 251 14329 8674 29673 22844 14078 21689 30198 1192 7235 31116 26581 29506 21520 22165 5546 9263 30277 9282 5628 21610 2624 20874 19641 1465 16897 25214 8058 29152 28812 7456 16137 15892 16271 30839 10785 690 26693 483 19828 31537 29594 11439 25842 29270 17808 16357 585 16038 30689 22118 23720 25377 18406 9529 19913 10285 7095 31780 8238 16593 25236 13433 4779 20515 21636 563 13604 25348 21819 23361 664 12810 32321 26914 23646 16318 5201 14514 19119 9992 27648 7236 9829 11751 415 29680 4098 28773 18529 20527 22516 14283 29889 8869 15384 21009 17950 28989 7804 32152 5032 16251 6505 15644 8320 8718 5281 10212 31515 12453 16357 2619 27624 18948 5818 27172 14130 24151 20845 17482 13895 13254 26453 5430 3034 22857 1624 708 30630 15294 9136 14808 3412 4409 2543 21581 21151 3739 2113 23342 2230 7014 9970 14633 9441 30671 1328 12608 15464 2325 17425 11714 26545 16402 8920 31610 24744 19984 12404 17702 24675 7133 13897 25387 7 14114 16435 21382 8421 10736 26056 28166 8169 28828 14558 10424 22581 461 32078 163 14601 7379 3575 23222 29414 21050 4869 28927 32755 31391 28019 8222 2975 4035 31694 10488 32136 7134 7228 15024 11164 13110 4030 22739 30589 11247 8882 29138 23338 2085 16028 14774 10461 17976 18725 7439 559 2919 29796 24621 19074 23713 25693 16019 6304 22935 19911 7849 27552 11798 29203 11697 9994 11668 7337 30716 6715 19721 1397 20830 5898 28416 15522 8671 23467 13805 933 27315 21460 20673 14206 5997 29983 30140 12346 28527 15024 32642 14781 15269 1047 24690 2494 29811 23415 24627 22291 3051 26344 22415 30255 10308 2331 24197 7913 25223 30013 8345 16255 23948 14877 19311 218 18725 2192 19352 24595 9625 14613 19372 311 23380 21685 10649 8007 31452 9517 22074 15747 14599 4175 21292 32232 31596 17062 17117 16632 2327 27993 16101 29369 13185 6993 26778 10496 3007 24990 26590 30447 30713 28439 19516 6589 15646 16193 1076 25269 20694 29811 24274 642 1976 7479 19334 6569 29630 26866 19503 12887 1781 4040 19833 1885 20089 29114 22889 15481 22945 12561 22582 27607 8567 19456 21339 11479 1131 31109 28394 30737 10824 19856 3363 3223 25702 26727 20549 14969 24098 13641 28324 13967 12683 31825 3324 23410 13406 19358 4869 31692 4405 31665 11847 10706 251 21270 30512 6158 14499 3399 27748 30562 24345 18637 14420 30282 8057 8360 29970 17761 11136 29937 25188 17703 16960 9918 16919 16641 3863 19270 20117 23425 29921 6726 32698 4072 6509 7075 4580 27881 17710 22608 841 27824 27443 4722 31630 3619 27993 18626 20885 4968 28864 2355 9110 2471 22139 22230 13681 32273 11404 9978 2370 1057 11023 14743 26166 28961 4533 20717 16798 28913 31092 3176 15938 22532 28285 27335 13816 22187 26223 14205 373 29078 26314 26455 29282 25495 28582 10336 13235 19626 32421 10498 1076 21043 15910 23149 32612 5254 13499 12861 26759 7596 2270 12118 11255 11621 11487 9747 2747 1641 1825 6049 9306 8435 27270 6309 21233 26240 29480 2853 3460 23252 6986 12197 17554 22079 7310 20880 27884 13598 29032 4826 11463 8356 2770 6884 24335 21723 
649
725 804 2021
726 780 24046
754 797 14949
143 687 10857
673 812 19096
645 752 4996
311 472 18376
223 720 23202
10 744 23393
143 776 28211
163 710 31412
65 89 9469
280 493 15196
617 753 11768
692 768 26495
170 540 16344
331 593 18022
528 540 24487
281 572 799
758 796 14332
46 187 32295
201 445 679
311 549 30800
278 744 1271
453 553 13405
160 692 8933
340 788 14854
561 622 10171
419 432 8298
552 717 8988
582 666 32533
609 796 12152
584 787 11296
3 29 13129
184 451 4894
651 781 16566
818 822 972
757 785 12136
503 684 10428
497 743 31413
522 773 13696
653 704 25203
203 253 6383
212 333 22280
385 554 27556
708 812 27036
541 780 15304
267 448 24432
331 355 3775
357 719 13257
317 713 18006
800 804 22006
221 601 23169
520 602 22863
492 500 22991
823 823 11083
545 573 12820
387 454 18419
108 800 12290
347 614 24419
293 814 16292
587 754 32541
712 715 4348
610 656 10319
338 741 11052
407 765 22622
605 751 32248
104 366 31578
807 807 29827
755 771 6180
327 784 15756
409 525 21607
530 650 15526
576 744 17083
265 365 13585
407 608 22410
201 418 2630
27 129 29063
805 818 15187
710 753 10468
307 627 21908
714 733 9344
616 811 20601
700 811 5827
448 511 26443
494 697 19437
167 382 26422
777 782 29177
107 352 22271
484 652 1636
165 414 11056
281 513 12412
287 648 13476
45 503 20225
485 795 28848
705 706 13886
248 693 10593
767 803 6117
179 753 14730
214 224 24654
727 780 7062
68 488 3314
498 733 31567
446 530 11824
117 139 8746
65 807 31428
323 751 4785
322 757 9592
558 673 21273
234 383 5618
665 762 4150
179 269 19373
270 733 14654
405 734 7813
754 764 18976
73 785 21084
234 700 32093
756 790 7096
7 764 24475
797 805 20858
542 803 3700
196 424 11250
117 447 6440
546 689 11262
726 756 21825
735 810 9472
608 684 21065
794 802 31423
679 732 16150
381 746 151
807 813 22637
61 145 6538
481 619 11228
383 509 20744
671 678 27421
93 443 12935
815 823 2918
472 534 14917
805 817 18792
802 822 25549
670 717 13815
454 559 11027
40 574 30859
252 340 23362
271 377 19477
192 291 21137
539 669 12260
447 542 1208
396 810 10639
381 575 3560
82 564 5656
171 306 9797
523 729 14283
776 809 19027
80 267 15235
184 707 1763
168 430 11093
73 297 5970
213 734 32223
536 699 31559
90 797 30885
655 765 25898
269 789 16696
265 689 29957
522 623 3119
784 786 11168
506 598 10767
609 760 28644
84 646 4528
630 643 29941
177 572 17612
124 353 22911
238 649 22198
205 387 2340
714 806 18025
11 261 20252
164 446 5232
27 643 13658
444 671 21084
563 624 19920
806 807 11448
482 512 27574
682 765 29124
632 758 12499
628 768 9822
343 722 14145
621 777 10199
299 767 6688
645 670 29878
653 661 16431
598 741 20363
386 739 8529
186 388 22116
391 730 23639
85 341 11907
673 774 25784
597 731 22373
296 386 26608
249 759 26940
539 564 22721
492 575 16993
723 796 25230
126 241 17527
510 719 29062
789 805 3375
217 285 3164
731 800 24553
613 665 691
214 287 3241
178 512 32665
781 812 22048
183 452 29084
177 618 31665
460 811 600
820 822 28088
528 685 5532
564 760 8579
628 744 3187
801 815 18367
335 505 25263
561 674 9021
217 673 15824
815 823 14180
405 618 14931
462 730 19627
194 412 16599
270 736 12007
143 625 32411
700 822 23639
343 580 21810
673 744 28092
719 731 17299
686 764 7889
581 682 32455
535 659 23553
791 809 15067
286 492 25914
182 323 5362
149 742 16161
48 311 13694
119 522 8982
404 581 11783
449 753 13257
97 114 22547
542 712 16210
106 720 8967
250 462 6411
346 550 23831
449 787 25748
535 557 10145
803 821 22736
456 657 392
665 749 23746
708 773 12907
501 590 14723
627 702 30661
517 782 17364
471 626 12641
10 454 9466
570 589 31909
637 651 7645
729 800 18077
817 823 4264
97 393 27349
759 764 7255
348 542 2392
88 520 29440
666 761 26742
100 286 7855
181 492 1824
287 361 29227
394 497 2806
355 758 14864
322 381 347
200 206 14318
470 642 3374
2 13 21619
427 681 8955
594 720 5845
331 558 29628
508 772 7911
320 355 10883
801 806 27812
204 662 15267
548 599 31516
347 519 17465
795 803 28159
541 689 28448
210 535 6198
660 782 4268
435 583 18262
391 725 15566
248 687 21199
67 350 4969
766 767 16150
734 792 27901
243 681 9293
26 176 1528
753 792 17678
343 625 20814
358 392 11621
17 172 19229
822 822 6943
347 774 2706
163 422 10223
18 306 32332
714 758 807
174 789 16612
285 438 19436
414 446 23405
31 778 7727
549 549 10757
399 593 29653
37 232 31440
594 648 26834
145 411 31223
651 727 3109
732 778 7539
431 529 240
733 793 6620
631 781 6696
516 738 1394
802 804 8339
410 684 16655
680 683 26117
804 815 5838
305 367 31264
182 717 19587
267 366 5129
86 227 15457
678 723 25026
76 147 28764
173 726 14646
769 789 19745
372 622 28692
71 466 8139
382 703 14091
714 754 28052
716 820 2573
298 600 18222
159 578 27285
727 822 10643
318 706 31279
1 746 13415
710 778 31413
421 482 16962
124 569 1778
375 741 18812
778 782 20915
562 705 27727
683 692 12910
271 289 21872
356 464 3587
781 807 31338
59 69 3912
806 816 12128
487 634 30294
383 397 12292
780 819 22238
233 725 28640
358 687 15588
337 372 14410
779 794 11445
624 749 25751
187 489 7672
95 399 32100
700 804 15138
675 771 6680
97 347 9660
201 230 23530
654 686 5431
116 310 6147
588 658 10565
164 694 28327
595 726 2543
282 341 11101
123 672 16097
356 427 28305
302 705 21661
217 773 23339
242 383 16799
267 350 25351
727 821 22162
298 323 25428
17 35 11295
561 638 7756
741 807 17933
316 440 20920
207 296 22172
84 449 16963
468 533 32359
487 715 8588
517 584 25654
753 788 18796
466 596 23934
25 461 28920
702 822 27524
376 558 20510
711 763 23137
408 759 11506
513 606 9817
179 631 6662
667 823 16701
750 817 20316
554 666 13525
536 802 4063
374 622 16519
491 540 2908
260 348 16303
80 731 12659
537 621 13162
167 807 1020
30 287 1473
518 662 14289
630 691 21875
800 809 26882
49 681 8404
555 687 25551
741 796 19322
651 653 5648
709 723 3501
297 485 13507
483 539 11731
821 822 4094
26 330 17239
646 782 893
119 594 32693
782 798 31862
557 569 26033
419 546 15751
811 823 16362
113 232 28625
103 181 24379
563 684 15520
213 586 32439
750 769 11569
345 733 28189
815 816 30325
577 640 9486
4 85 13535
685 818 28792
451 606 161
683 761 22769
774 811 15590
796 816 31729
274 658 9447
679 685 11049
183 621 28655
776 799 3193
348 767 429
46 775 31272
276 758 3679
273 367 22113
159 682 29372
364 446 13882
262 512 19887
681 817 1950
620 670 15926
261 427 29426
143 399 4618
115 741 1113
766 788 16855
498 661 29140
84 589 24108
587 770 27322
759 764 7280
176 301 4670
665 823 5497
132 322 27125
148 622 3999
28 495 21148
425 651 27740
702 811 14484
20 206 5587
588 763 20171
467 682 8930
753 806 13830
11 281 26751
38 388 26573
633 766 26006
9 374 872
661 788 29341
128 342 174
26 112 28830
284 795 8082
387 548 27494
692 733 31925
736 789 20758
481 689 21093
313 705 5455
217 387 27342
191 374 24748
226 678 29522
398 398 23878
617 794 2615
744 785 22396
133 196 22318
487 650 22062
605 662 5225
422 640 4141
110 322 28980
455 723 19607
395 649 30793
555 565 23115
237 387 29531
640 818 28353
246 531 29327
197 522 30439
763 767 31193
141 400 17619
106 263 12150
806 809 7021
752 757 3575
63 474 30039
441 777 24996
414 692 5828
208 324 3095
594 786 4601
622 782 31323
24 227 29868
612 819 14594
503 677 26753
278 397 28384
741 751 15187
275 393 4726
335 813 5133
283 557 14124
169 692 7992
823 823 9966
303 327 19090
202 216 29137
453 760 18756
446 658 180
82 642 8852
789 809 22830
755 789 2853
454 594 28708
214 551 19748
95 100 30165
441 718 7662
228 316 16706
189 644 26
184 467 14908
151 694 18156
206 633 10367
577 698 3220
275 616 29603
512 693 32458
149 603 29383
329 757 23982
351 736 15428
607 787 30440
566 796 17614
484 763 23426
577 677 23233
468 603 6391
650 793 30107
37 269 28258
476 637 15049
309 421 23769
64 677 20564
253 325 7764
800 821 27405
783 783 4279
55 122 18763
237 277 2766
696 714 19554
228 762 28514
819 821 29257
555 685 14002
720 784 24118
83 643 8430
375 674 14873
526 639 25740
768 807 21559
711 776 396
399 422 17240
273 585 32522
346 473 24898
565 591 19112
90 681 24187
205 238 18875
298 607 25481
516 783 31299
762 769 29473
168 731 22027
352 569 24072
258 794 5266
279 348 25753
177 534 30846
233 233 27433
161 553 7126
757 763 15798
700 768 14892
717 780 5301
600 705 23165
138 336 12242
415 478 637
795 800 15613
256 543 23417
390 695 12576
713 788 29989
380 442 1353
155 184 11488
602 736 17974
483 559 16481
472 487 23936
175 548 18629
19 60 17114
525 535 22386
689 738 10521
564 678 16469
498 524 3595
550 728 21850
278 675 9537
165 450 1332
387 820 13650
670 822 981
327 745 31821
682 813 27929
67 557 23370
541 779 17050
671 738 12897
585 817 19368
1 259 19821
370 381 19154
213 242 22369
636 764 16015
125 698 19745
200 421 2777
38 178 10776
229 328 2019
126 172 22530
206 326 5683
618 656 6310
612 787 4796
550 823 31601
299 416 26065
383 629 18990
165 286 32270
29 168 32604
187 530 25732
663 712 7616
181 812 18890
226 615 29775
658 683 961
174 699 19076
760 786 565
378 424 28859
