6
35
22
180
81
22
95
352
535
536
526
6
96
48
57
189
151
10
12
20
142
7
226
22
43
145
199
16
5
38
85
66
62
13
39
58
0
6
50
235
90
37
11
82
143
84
100
136
3
141
219
2
274
55
4
0
8
46
259
205
258
167
1
13
134
246
145
257
1
2
213
84
52
82
33
140
19
96
8
17
214
8
117
22
50
113
178
5
170
9
83
88
140
289
263
0
139
7
250
10
11
44
226
34
4
714
67
126
68
21
14
53
197
79
4
457
458
5
572
5
35
72
61
41
19
23
47
9
23
1
6
15
47
85
6
143
1
31
8
17
17
36
510
62
53
63
41
4
136
23
75
39
77
24
95
31
86
35
515
158
672
80
261
386
12
0
29
128
79
14
212
166
278
15
51
163
45
258
143
35
1
21
72
45
38
156
41
91
24
4
85
96
132
246
101
71
87
69
412
18
43
51
65
179
4
7
50
1
7
333
24
240
429
8
3
24
51
10
8
133
27
217
6
104
154
103
163
480
89
159
58
7
19
102
89
14
164
21
287
118
112
70
117
12
77
162
38
158
256
8
14
4
61
23
37
71
128
57
133
20
5
41
1
253
0
15
393
72
43
22
64
11
183
0
3
20
10
71
20
206
58
11
5
205
51
100
9
128
56
17
87
160
279
38
1
48
119
7
20
177
13
94
0
39
79
287
0
308
87
28
169
0
176
192
44
256
3
9
2
11
31
10
0
146
3
2
61
310
11
71
34
65
241
12
218
93
133
35
10
168
352
34
371
309
65
39
31
208
2
116
5
12
13
26
2
3
136
6
31
422
162
13
6
96
68
301
50
21
73
24
6
30
20
455
10
19
266
64
264
393
64
60
63
15
7
16
38
82
63
197
65
56
53
16
95
391
99
119
37
124
26
85
80
38
38
37
137
2
37
254
29
24
13
53
40
8
156
101
32
0
0
74
25
0
159
3
475
16
8
71
7
109
61
51
371
3
329
2
17
39
114
1
53
24
21
107
2
381
5
7
700
58
56
470
37
148
7
20
148
33
28
11
143
383
143
0
17
31
160
58
306
190
51
30
104
57
26
234
292
99
14
111
2
80
121
135
41
30
128
63
145
139
405
1
15
25
50
104
10
34
189
155
243
7
135
151
255
301
5
132
69
2
1
384
249
50
10
30
153
193
94
141
98
7
13
79
116
123
0
11
13
167
2
149
17
3
121
204
5
60
41
1
128
296
134
13
306
181
409
312
179
164
115
196
69
23
130
209
73
83
388
14
19
0
40
4
13
457
3
46
43
141
136
90
27
1
15
310
104
12
444
19
243
256
8
376
166
87
49
340
1
82
2
29
14
70
75
1
5
209
114
70
2
14
67
42
12
216
20
6
17
52
3
112
111
15
181
3
409
109
367
113
25
131
163
6
24
58
341
19
51
7
34
19
7
29
264
90
147
120
140
278
9
352
352
0
295
1
42
