93632
23951
3240
22440
8901
18644
2096
5700
1782
1562
4760
89145
2408
29972
1872
123424
161
21809
3424
5590
715
24108
46664
10123
64617
138
30732
59295
12502
50400
370
92700
4340
107844
110430
1424
23895
81420
8536
36
22692
2278
86450
256
6396
19434
264
109850
181089
134334
816
180780
5058
85251
27948
774
135200
17600
3472
3006
32928
8804
1111
1935
7956
4550
2061
38148
37373
25217
126633
63920
5220
19872
38631
65335
3925
106920
3344
1856
14994
36
223989
5950
243494
7310
40796
3451
11128
202
6714
1701
405
1197
8316
1566
1944
748
19716
1056
2226
338
2835
7306
50500
23595
693
47808
2738
252
43164
121268
4416
81480
16872
2128
63759
2136
34200
2511
4891
960
57024
5880
13419
36852
26643
476
5974
636
21525
18150
522
24225
412
50787
146705
227136
65664
13850
48144
16
114639
3480
30268
36330
60750
876
42120
110
1455
40261
18700
7614
8680
29328
1863
39928
16942
236
27975
18546
16490
36400
22016
29376
38817
22032
29561
870
1624
8694
31059
942
47875
21756
7326
22600
5400
29865
141763
62010
7260
25536
31059
41850
376
21692
54910
12412
30163
31255
13510
83566
28
209300
18236
31724
34869
3591
1518
3724
1450
10488
1250
97359
5644
3159
5691
3375
200291
12350
4998
39104
33240
47988
9637
154560
49533
124650
12480
33152
63893
44550
1386
352
1776
11613
32220
536
22428
93252
40200
69276
99520
126721
2704
160034
21844
25228
1088
15
12050
12194
32499
20224
208208
127488
187473
480
139
27750
112010
1344
380
91000
632
135625
180
3094
9464
7296
3850
627
24030
20875
47895
449
