431
431
430
429
429
428
427
426
426
426
426
426
425
424
424
424
423
423
422
422
422
422
421
421
420
420
420
420
419
418
418
417
417
417
417
417
416
416
416
415
415
414
414
414
413
412
411
411
410
409
409
409
409
408
408
408
407
407
406
406
405
405
405
405
405
404
404
403
403
403
403
402
402
402
402
402
401
401
401
401
400
400
399
399
398
397
397
396
396
395
394
394
393
392
391
391
390
389
388
388
388
388
388
388
388
387
386
385
384
383
382
382
382
382
382
382
381
381
381
381
380
379
379
379
379
378
378
378
378
378
378
377
377
376
375
375
375
375
375
374
374
374
373
373
372
372
372
372
372
372
371
371
371
371
370
370
369
369
369
368
367
366
365
364
364
363
363
363
362
361
361
361
361
360
360
359
359
359
359
359
358
357
356
356
356
356
356
355
355
355
355
354
354
354
353
353
353
353
353
353
352
352
352
351
351
351
351
351
351
350
350
350
350
350
350
350
350
349
348
348
348
348
347
347
346
346
346
346
346
346
346
346
346
346
346
346
346
346
345
344
344
344
344
343
344
344
344
343
343
343
343
343
342
341
341
341
341
341
341
341
340
339
339
339
339
339
338
338
337
336
336
336
336
336
335
335
335
335
334
334
333
333
332
331
331
331
331
330
329
330
330
329
329
328
328
328
328
327
326
326
325
325
325
325
325
325
326
326
326
326
325
325
325
325
325
325
325
325
325
325
324
323
323
323
323
323
322
322
322
322
321
321
321
320
320
319
319
319
319
319
318
318
318
317
316
315
315
314
314
313
314
314
314
314
314
314
313
312
312
311
311
311
312
312
311
311
310
310
310
310
310
309
309
309
309
309
309
309
309
309
309
308
308
308
307
307
307
307
307
306
305
304
303
302
301
301
301
300
300
299
299
299
298
298
298
298
298
297
298
298
297
296
296
296
296
296
296
296
297
297
297
297
297
297
296
296
296
297
296
295
294
294
293
292
291
291
291
290
290
290
290
290
290
290
289
289
289
289
289
289
289
289
288
288
287
287
287
287
286
286
285
285
285
285
285
285
285
285
285
285
285
285
284
284
284
284
284
283
283
283
283
282
282
282
282
281
280
280
279
279
278
278
277
277
277
277
277
277
277
277
277
276
275
274
274
273
273
272
272
271
270
270
270
270
269
269
269
268
268
268
268
269
269
269
269
268
268
268
269
269
269
268
268
268
267
266
266
266
265
265
265
265
265
265
265
265
264
264
264
264
263
263
263
263
263
263
263
263
263
263
263
263
263
263
262
261
260
260
260
260
260
260
260
260
260
260
259
259
259
259
258
259
259
258
258
258
258
258
258
257
256
256
256
255
254
254
254
254
253
253
253
253
252
252
252
252
252
252
252
253
252
252
252
252
252
252
252
252
252
252
252
251
251
251
252
252
252
252
252
252
252
252
252
252
252
252
253
253
253
252
252
252
252
251
252
252
252
252
251
251
251
251
251
251
251
250
250
250
250
250
249
249
249
249
249
249
249
249
249
249
248
247
247
247
248
248
248
248
247
247
247
246
246
246
246
246
246
246
246
246
245
245
245
245
245
245
245
245
246
247
247
247
247
247
248
248
248
248
248
249
249
249
249
249
249
250
249
249
249
249
248
247
247
247
247
247
247
247
247
246
247
246
246
246
246
246
245
244
244
244
244
244
244
244
244
245
245
245
245
245
245
245
245
245
245
246
246
246
